76
156
437
402
436
266
360
717
101
308
342
904
611
555
457
612
845
206
189
55
958
462
257
676
742
911
52
636
377
466
434
693
1
353
39
722
56
537
59
747
408
423
686
430
470
245
37
278
324
948
606
51
654
654
345
618
984
972
304
991
182
397
352
8
380
688
784
787
463
532
786
251
220
614
560
551
455
268
712
692
534
712
915
332
615
550
154
366
63
825
106
896
501
906
338
635
359
923
426
910
451
299
198
686
984
195
915
604
142
857
818
734
651
90
691
291
160
454
427
185
844
766
921
458
55
97
661
879
145
16
666
794
563
166
822
658
982
516
728
155
556
60
865
669
452
716
606
479
521
325
13
882
557
365
933
402
474
498
771
891
81
200
539
608
255
188
596
714
861
898
230
934
703
580
704
1000
79
420
517
912
682
477
471
882
731
460
424
690
607
220
756
63
577
443
563
679
735
703
629
315
797
861
910
597
40
939
661
543
205
540
376
462
539
36
930
79
727
861
392
209
287
729
344
171
104
216
50
31
891
933
675
631
870
500
584
727
8
79
633
963
871
146
854
538
973
859
462
987
39
574
165
239
24
143
437
464
270
193
337
80
596
991
590
213
688
577
787
604
493
529
227
931
715
583
184
635
846
546
546
894
925
415
24
525
83
167
46
37
979
852
784
475
168
340
942
390
227
658
848
668
65
169
924
431
675
394
853
713
703
656
766
166
311
170
576
970
641
393
121
299
967
106
6
255
144
566
633
497
527
744
118
56
42
303
843
528
286
397
374
429
72
567
420
949
655
358
686
942
625
532
718
200
571
907
180
388
277
371
282
254
996
107
742
62
194
50
513
61
451
142
51
598
162
541
137
699
12
2
242
434
642
650
839
7
493
639
201
539
997
581
607
389
107
523
119
913
735
652
869
950
140
686
675
733
163
963
496
182
270
327
923
901
286
929
585
989
966
494
526
67
258
601
505
943
162
503
906
294
635
3
488
660
384
285
598
736
717
569
943
712
916
133
130
727
364
674
7
804
591
863
402
724
922
266
975
499
298
761
551
55
773
816
818
430
815
235
662
745
446
215
334
680
272
884
358
992
596
309
254
347
30
411
798
727
71
223
729
489
20
815
293
203
13
227
18
116
433
32
32
519
